TT_M1000_plot.root                                                                                      14724.88056              16852.67688              31577.55744         
TT_M1500_plot.root                                                                                      827.805415385            929.286006154            1757.09142154       
TT_M2000_plot.root                                                                                      61.7600787692            65.9316578462            127.691736615       
TT_M2500_plot.root                                                                                      7.31169572571            7.81168950857            15.1233852343       
TT_M3000_plot.root                                                                                      1.19736717257            1.28997195429            2.48733912686       
DY1Jets_MLL-50_plot.root                                                                                13886.9504239            11092.6250338            24979.5754577       
DY2Jets_MLL-50_plot.root                                                                                77390.7969935            69430.8832482            146821.680242       
DY3Jets_MLL-50_plot.root                                                                                1148365.15918            1140698.5947             2289063.75388       
QCD_1000to1500_plot.root                                                                                3808610.28624            4289409.43039            8098019.71663       
QCD_1500to2000_plot.root                                                                                861191.987495            926011.970633            1787203.95813       
QCD_2000toInf_plot.root                                                                                 313110.961871            318702.62188             631813.583751       
QCD_500to700_plot.root                                                                                  4699769.2571             5462139.87991            10161909.137        
QCD_700to1000_plot.root                                                                                 6486937.91133            7520564.11151            14007502.0228       
ST_s-channel_4f_leptonic_plot.root                                                                      28491.1751825            33698.7153285            62189.8905109       
ST_t-channel_antitop_inclusive_plot.root                                                                117035.641677            133719.59665             250755.238326       
ST_t-channel_top_inclusive_plot.root                                                                    223594.8159              261317.559318            484912.375218       
ST_tW_antitop_5f_inclusive_plot.root                                                                    567975.825358            660681.396081            1228657.22144       
ST_tW_top_5f_inclusive_plot.root                                                                        572427.409984            659097.193543            1231524.60353       
TT_Mtt-1000toInf_plot.root                                                                              1907067.6299             2244663.73057            4151731.36046       
TT_Tune_plot.root                                                                                       8087769.33942            9361077.92853            17448847.268        
WJetsToLNu_plot.root                                                                                    7126635.49969            8470502.1874             15597137.6871       
DYJetsToLL_M-50_HT-100to200_plot.root                                                                   7271.77170714            7815.4555731             15087.2272802       
DYJetsToLL_M-50_HT-1200to2500_plot.root                                                                 14478.223252             15318.8217424            29797.0449944       
DYJetsToLL_M-50_HT-200to400_plot.root                                                                   228865.34413             231130.433336            459995.777466       
DYJetsToLL_M-50_HT-2500toInf_plot.root                                                                  472.640851721            502.483567059            975.12441878        
DYJetsToLL_M-50_HT-400to600_plot.root                                                                   212811.477044            218298.008293            431109.485337       
DYJetsToLL_M-50_HT-600to800_plot.root                                                                   71930.7324013            74666.6006316            146597.333033       
DYJetsToLL_M-50_HT-70to100_plot.root                                                                    506.005607081            404.804485665            910.810092745       
DYJetsToLL_M-50_HT-800to1200_plot.root                                                                  44056.9533513            45938.2258116            89995.1791629       
qcd_pt_0to300_plot.root                                                                                 1.63477664165e+14        1.87469390634e+14        3.50947054799e+14   
QCD_Pt-1000_plot.root                                                                                   439261.096606            364895.184776            804156.281382       
QCD_Pt-300to470_plot.root                                                                               34604535.3               38894359.575             73498894.875        
QCD_Pt-470to600_plot.root                                                                               6737176.4913             7276355.09552            14013531.5868       
QCD_Pt-600to800_plot.root                                                                               3137144.54635            3244342.30274            6381486.84909       
QCD_Pt-800to1000_plot.root                                                                              844527.45                818384.2875              1662911.7375        
